0 Modelo1-Modificacion_2
0 Author: LEGO Digital Designer 4.2
1 151 -10.2256183624267578125 -24.326892852783203125 -19.9999980926513671875 0 0 -1.00000011920928955078125 -1.00000011920928955078125 0 0 0 1.00000011920928955078125 0 32525.dat
1 0 -90.225616455078125 -24.45189666748046875 -30.0000133514404296875 0 0 1 0 1 0 -1 0 0 2780.dat
1 151 -89.6006011962890625 -64.9518890380859375 -40.00000762939453125 -1 0 0 0 0 1 0 1 0 40490.dat
1 0 -90.22560882568359375 -104.45188140869140625 -30.0000019073486328125 0 0 1 0 1 0 -1 0 0 2780.dat
1 1 -109.8175506591796875 -95.46776580810546875 -19.5000152587890625 0 0 -0.999999940395355224609375 -0.999999940395355224609375 0 0 0 0.999999940395355224609375 0 43093.dat
1 0 -70.22560882568359375 -104.45189666748046875 -30.0000019073486328125 0 0 1 0 1 0 -1 0 0 2780.dat
1 151 -69.60060882568359375 -64.95188140869140625 -40.00000762939453125 -1 0 0 0 0 1 0 1 0 40490.dat
1 0 -70.2256011962890625 15.5480499267578125 -30.000019073486328125 0 0 1 0 1 0 -1 0 0 2780.dat
1 151 -10.22560596466064453125 15.67305469512939453125 -20.00000762939453125 0 0 -1.00000011920928955078125 -1.00000011920928955078125 0 0 0 1.00000011920928955078125 0 32525.dat
1 1 73.88724517822265625 -56.600879669189453125 0 0 0 1 0 0.999999940395355224609375 0 -1 0 0 6558.dat
1 72 -38.03615570068359375 -141.206939697265625 -19.9999752044677734375 0.60751450061798095703125 0 -0.7943089008331298828125 -0.794308960437774658203125 0 -0.607514321804046630859375 0 1.00000011920928955078125 0 32009.dat
1 71 90.39940643310546875 15.04805088043212890625 -1.56462192535400390625E-05 -1 0 0 0 0 -1 0 -1 0 32348.dat
1 1 89.7743988037109375 15.54805660247802734375 -10.00002002716064453125 0 0 -1 0 1 0 1 0 0 43093.dat
1 1 41.47441864013671875 -80.55194854736328125 -9.9999980926513671875 0 -0.60000121593475341796875 -0.799999237060546875 0 0.799999237060546875 -0.60000121593475341796875 1.00000011920928955078125 0 0 43093.dat
1 151 213.1335296630859375 24.203884124755859375 39.9999847412109375 0 0.60744965076446533203125 0.79435813426971435546875 0 -0.794358193874359130859375 0.60744965076446533203125 1 0 0 53787.dat
1 47 53.136653900146484375 -150.2823638916015625 39.57598114013671875 0 0.6074502468109130859375 -0.794357836246490478515625 0 -0.794357717037200927734375 -0.6074502468109130859375 -1.00000011920928955078125 0 0 x933c01.dat
1 47 93.64209747314453125 -383.386383056640625 119.29900360107421875 0 -0.7943572998046875 0.6074507236480712890625 0 -0.6074507236480712890625 -0.794357359409332275390625 1 0 0 x933c01.dat
1 0 213.133575439453125 24.7039737701416015625 38.000011444091796875 0 0 1 0 1 0 -1 0 0 3706.dat
1 71 213.1335906982421875 24.703968048095703125 86.0000152587890625 -1 0 0 0 1 0 0 0 -1 3713.dat
1 0 46.60221099853515625 -103.73174285888671875 39.822170257568359375 -0.7943580150604248046875 0.5677242279052734375 0.2160661220550537109375 -0.60744988918304443359375 -0.742409229278564453125 -0.2825477123260498046875 0 -0.355693399906158447265625 0.93460261821746826171875 2780.dat
1 151 37.995098114013671875 -108.93853759765625 100 0.60745012760162353515625 -0.79435813426971435546875 0 -0.79435813426971435546875 -0.6074497699737548828125 0 0 0 -1 32524.dat
1 0 47.010257720947265625 -104.2475128173828125 159.8221588134765625 -0.7943580150604248046875 0.567724287509918212890625 0.216066181659698486328125 -0.607449948787689208984375 -0.742409169673919677734375 -0.2825478017330169677734375 0 -0.3556934893131256103515625 0.93460285663604736328125 2780.dat
1 151 213.5415802001953125 23.688114166259765625 159.9999847412109375 0 0.60744965076446533203125 0.79435813426971435546875 0 -0.794358193874359130859375 0.60744965076446533203125 1 0 0 53787.dat
1 47 53.544681549072265625 -150.79815673828125 159.5760040283203125 0 0.607450008392333984375 -0.7943580150604248046875 0 -0.79435789585113525390625 -0.607450008392333984375 -1.00000011920928955078125 0 0 x933c01.dat
1 47 93.64209747314453125 -383.386383056640625 157.29901123046875 0 -0.7943572998046875 0.6074507236480712890625 0 -0.6074507236480712890625 -0.794357359409332275390625 1 0 0 x933c01.dat
1 0 73.8872528076171875 -56.600879669189453125 70 0 0 1 0 1 0 -1 0 0 2780.dat
1 0 89.77442169189453125 -44.45188140869140625 70.00000762939453125 0 0 1 0 1 0 -1 0 0 2780.dat
1 1 74.2953033447265625 -57.1166534423828125 200 0 0 -1 0 0.999999940395355224609375 0 1 0 0 6558.dat
1 72 -37.62812042236328125 -141.7227020263671875 220 0.60751450061798095703125 0 -0.7943089008331298828125 -0.794308960437774658203125 0 -0.607514321804046630859375 0 1.00000011920928955078125 0 32009.dat
1 71 90.80743408203125 14.5322856903076171875 199.9999847412109375 -1 0 0 0 0 -1 0 -1 0 32348.dat
1 1 90.18242645263671875 15.03228664398193359375 209.9999847412109375 0 0 1 0 1 0 -1 0 0 43093.dat
1 1 41.88243865966796875 -81.06772613525390625 209.9999847412109375 0 -0.600000798702239990234375 0.799999535083770751953125 0 0.799999654293060302734375 0.600000798702239990234375 -1.00000011920928955078125 0 0 43093.dat
1 0 -12.9478511810302734375 -173.4915313720703125 209.99993896484375 0 0 1 0 1 0 -1 0 0 2780.dat
1 72 71.00604248046875 -286.027801513671875 199.9999237060546875 -0.802920520305633544921875 0 0.59608614444732666015625 -0.596086204051971435546875 0 -0.802920639514923095703125 0 -1.00000011920928955078125 0 32009.dat
1 0 -1.026135921478271484375 -189.5499420166015625 209.99993896484375 0 0 1 0 1 0 -1 0 0 2780.dat
1 0 38.3874053955078125 -309.74383544921875 189.999908447265625 0 0 1 0 1 0 -1 0 0 2780.dat
1 0 90.18244171142578125 -24.96767425537109375 209.9999847412109375 0 0 1 0 1 0 -1 0 0 2780.dat
1 151 -9.8175640106201171875 -24.8426666259765625 220 0 0 -1.00000011920928955078125 -1.00000011920928955078125 0 0 0 1.00000011920928955078125 0 32525.dat
1 0 -109.81756591796875 -24.96767425537109375 209.9999847412109375 0 0 1 0 1 0 -1 0 0 2780.dat
1 72 -29.8175449371337890625 15.15732288360595703125 199.9999847412109375 0 0 -1 -0.999999940395355224609375 0 0 0 0.999999940395355224609375 0 32526.dat
1 0 -109.81756591796875 -4.967676639556884765625 209.9999847412109375 0 0 1 0 1 0 -1 0 0 2780.dat
1 0 -149.8175811767578125 -35.467693328857421875 220.5000152587890625 0 0 1.00000011920928955078125 1 0 0 0 1 0 3705.dat
1 0 -150.3175201416015625 -75.46771240234375 199.9999847412109375 0 -1 0 1 0 0 0 0 0.999999940395355224609375 2780.dat
1 72 -149.1925048828125 -85.46771240234375 219.9999847412109375 -1 0 0 0 1 0 0 0 -1 32526.dat
1 0 -150.317535400390625 -95.46773529052734375 159.9999847412109375 0 -1 0 1 0 0 0 0 0.999999940395355224609375 2780.dat
1 151 -150.442535400390625 -105.4677276611328125 80 1 0 0 0 1 0 0 0 1 40490.dat
1 1 -149.817535400390625 -85.46775054931640625 0.5 0 0 1.00000011920928955078125 1.00000011920928955078125 0 0 0 1.00000011920928955078125 0 6558.dat
1 0 -149.817535400390625 -35.46778106689453125 -19.49999237060546875 0 0 1.00000011920928955078125 1.00000011920928955078125 0 0 0 1.00000011920928955078125 0 3705.dat
1 0 -110.2255706787109375 -5.451953887939453125 -10.00001239776611328125 0 0 -0.999999940395355224609375 0 -1 0 -0.999999940395355224609375 0 0 2780.dat
1 72 -30.2255859375 15.6730518341064453125 -1.0430812835693359375E-05 0 0 -1 -0.999999940395355224609375 0 0 0 0.999999940395355224609375 0 32526.dat
1 0 -70.22559356689453125 15.5480518341064453125 9.99998760223388671875 0 0 1 0 1 0 -1 0 0 2780.dat
1 1 -50.225597381591796875 5.04804706573486328125 20.4999866485595703125 0 0 1 1 0 0 0 1 0 43093.dat
1 151 -50.85059356689453125 -4.951955318450927734375 99.99997711181640625 1 0 0 0 -1 0 0 0 -1 40490.dat
1 1 -50.725589752197265625 5.048045635223388671875 179.999969482421875 0 -1 0 1 0 0 0 0 0.999999940395355224609375 43093.dat
1 0 -89.8175506591796875 15.03232097625732421875 189.9999847412109375 0 0 1 0 1 0 -1 0 0 2780.dat
1 0 -69.8175506591796875 15.03232097625732421875 189.9999847412109375 0 0 1 0 1 0 -1 0 0 2780.dat
1 72 -209.817535400390625 -25.4676723480224609375 79.37500762939453125 0 0 -1 0 0.999999940395355224609375 0 1 0 0 32009.dat
1 1 -50.225597381591796875 -14.951946258544921875 79.49999237060546875 0 0 1 -1 0 0 0 -1 0 43093.dat
1 0 -210.317535400390625 -35.467708587646484375 140 0 -1 0 1 0 0 0 0 0.999999940395355224609375 2780.dat
1 72 -189.817535400390625 -45.467723846435546875 140.6250152587890625 0 0 -1 0 -1 0 -1 0 0 32523.dat
1 1 -189.3175201416015625 -65.46772003173828125 140.0000152587890625 0 1.00000011920928955078125 0 1.00000011920928955078125 0 0 0 0 -1 6558.dat
1 151 -229.8174896240234375 -65.467681884765625 100.00014495849609375 0 0 -1 -0.999999940395355224609375 0 0 0 0.99999988079071044921875 0 53787.dat
1 47 3.268970489501953125 -65.0437164306640625 141.41461181640625 0 0 1 1 0 0 0 1 0 x933c01.dat
1 47 93.64208221435546875 -383.386383056640625 81.29901885986328125 0 -0.7943572998046875 0.6074507236480712890625 0 -0.6074507236480712890625 -0.794357359409332275390625 1 0 0 x933c01.dat
1 71 -230.3175506591796875 -49.4678192138671875 100.0000152587890625 0 -1 0 1 0 0 0 0 1 44294.dat
1 4 -259.81903076171875 31.0317516326904296875 100.00002288818359375 1 0 0 0 1 0 0 0 1 32062.dat
1 4 -259.819000244140625 -129.0424041748046875 99.99999237060546875 1 0 0 0 1 0 0 0 1 32062.dat
1 71 -290.320587158203125 -49.467861175537109375 99.9999542236328125 0 -1 0 1 0 0 0 0 1 44294.dat
1 1 -289.819061279296875 -130.04229736328125 99.9999847412109375 0 0 -1.00000011920928955078125 0 -1 0 -1.00000011920928955078125 0 0 6558.dat
1 1 -229.8190155029296875 -130.04229736328125 100 0 0 -1.00000011920928955078125 0 -1 0 -1.00000011920928955078125 0 0 6558.dat
1 0 -289.819061279296875 31.031665802001953125 104.0000457763671875 0 0 1 0 1 0 -1 0 0 3708.dat
1 71 -289.81903076171875 31.0316524505615234375 178.00006103515625 -1 0 0 0 1 0 0 0 -1 3713.dat
1 71 -289.81903076171875 31.0316562652587890625 124.0000457763671875 -1 0 0 0 1 0 0 0 -1 3713.dat
1 71 -289.819000244140625 31.0316600799560546875 78.00005340576171875 -1 0 0 0 1 0 0 0 -1 3713.dat
1 71 -289.819000244140625 31.031665802001953125 -12.99996089935302734375 1 0 0 0 1 0 0 0 1 32123.dat
1 71 -289.819000244140625 31.0316619873046875 22.000041961669921875 -1 0 0 0 1 0 0 0 -1 3713.dat
1 71 -289.81903076171875 31.031650543212890625 217.00006103515625 1 0 0 0 1 0 0 0 1 32123.dat
1 1 -309.820556640625 -28.967845916748046875 99.99996185302734375 0 0 -1 0 0.999999940395355224609375 0 1 0 0 6558.dat
1 25 -369.820556640625 -8.8428440093994140625 119.999969482421875 0 0 1.00000011920928955078125 -1.00000011920928955078125 0 0 0 -1.00000011920928955078125 0 32140.dat
1 1 -349.820556640625 -8.9678440093994140625 99.9999542236328125 0 0 -1 0 0.999999940395355224609375 0 1 0 0 6558.dat
1 151 -349.820587158203125 -9.467845916748046875 99.9999542236328125 0 0 0.999999940395355224609375 0 -1 0 0.999999940395355224609375 0 0 53793.dat
1 47 -328.32061767578125 27.2321491241455078125 100.3739471435546875 0 0 1.00000011920928955078125 0 -1 0 1.00000011920928955078125 0 0 x933c01.dat
1 47 -65.8445587158203125 -174.6708984375 80.17601776123046875 0 -0.794357478618621826171875 -0.6074507236480712890625 0 -0.607450664043426513671875 0.7943575382232666015625 -1.00000011920928955078125 0 0 x933c01.dat
1 1 -329.820587158203125 -8.9678440093994140625 99.9999542236328125 0 0 -1 0 0.999999940395355224609375 0 1 0 0 6558.dat
1 25 -369.820556640625 -8.84284687042236328125 79.99994659423828125 0 0 1.00000011920928955078125 -1.00000011920928955078125 0 0 0 -1.00000011920928955078125 0 32140.dat
1 1 -309.820556640625 -8.9678440093994140625 99.99997711181640625 0 0 -1 0 0.999999940395355224609375 0 1 0 0 6558.dat
1 1 -89.8175201416015625 -85.467681884765625 79.5001068115234375 0 0 -1.00000011920928955078125 1.00000011920928955078125 0 0 0 -1.00000011920928955078125 0 6558.dat
1 72 -89.81749725341796875 -65.46767425537109375 80.62511444091796875 0 0 1 0 0.999999940395355224609375 0 -1 0 0 32526.dat
1 1 -49.817516326904296875 -85.4676666259765625 79.5001220703125 0 0 -1.00000011920928955078125 1.00000011920928955078125 0 0 0 -1.00000011920928955078125 0 6558.dat
1 0 -9.31750774383544921875 -75.467681884765625 60.000102996826171875 0 1 0 -1 0 0 0 0 0.999999940395355224609375 2780.dat
1 71 9.7743701934814453125 -84.45192718505859375 39.999965667724609375 0 0 1 0 1 0 -1 0 0 4519.dat
1 71 9.77439403533935546875 -84.45192718505859375 -4.470348358154296875E-05 0 0 1 0 1 0 -1 0 0 32054.dat
1 71 9.7743778228759765625 -84.45192718505859375 69.99997711181640625 -1 0 0 0 1 0 0 0 -1 3713.dat
1 151 9.1494083404541015625 -44.951946258544921875 -2.45869159698486328125E-05 0.999999940395355224609375 0 0 0 0 1 0 -1 0 32524.dat
1 0 9.7744045257568359375 15.54804897308349609375 -10.000019073486328125 0 0 1 0 1 0 -1 0 0 2780.dat
1 0 9.7743930816650390625 -24.4518985748291015625 -10.0000095367431640625 0 0 1 0 1 0 -1 0 0 2780.dat
1 0 10.00205898284912109375 -104.75252532958984375 -10.00000667572021484375 0 0 1 0 1 0 -1 0 0 2780.dat
1 0 -9.31751251220703125 -75.467681884765625 40.00009918212890625 0 1 0 -1 0 0 0 0 0.999999940395355224609375 2780.dat
1 1 -169.3175506591796875 -65.46772003173828125 139.9999847412109375 0 1.00000011920928955078125 0 1.00000011920928955078125 0 0 0 0 -1 6558.dat
1 0 -209.8175506591796875 -75.46773529052734375 140.5000152587890625 0 0 0.999999940395355224609375 0.999999940395355224609375 0 0 0 1 0 2780.dat
1 4 -209.8175506591796875 -75.4677276611328125 160.5000152587890625 0 0 1.00000011920928955078125 1.00000011920928955078125 0 0 0 1.00000011920928955078125 0 32062.dat
1 72 -209.8175048828125 -65.46770477294921875 159.374969482421875 0 0 1 0 -1 0 1 0 0 32140.dat
1 1 -149.317535400390625 -85.46771240234375 180 0 1.00000011920928955078125 0 1.00000011920928955078125 0 0 0 0 -1 6558.dat
1 72 -69.81754302978515625 -105.46771240234375 220.625 0 0 -1 0 -1 0 -1 0 0 32526.dat
1 72 -89.817535400390625 -85.46771240234375 220.625 0 0 1 0 0.999999940395355224609375 0 -1 0 0 32140.dat
1 1 -89.81752777099609375 -95.46772003173828125 220.5000457763671875 0 0 1 1 0 0 0 1 0 43093.dat
1 0 -70.31754302978515625 -95.46772003173828125 220 0 -1 0 1 0 0 0 0 0.999999940395355224609375 2780.dat
1 0 -150.317535400390625 -95.46770477294921875 220 0 -1 0 1 0 0 0 0 0.999999940395355224609375 2780.dat
1 0 -29.3175525665283203125 -75.4677276611328125 200.000030517578125 0 1 0 -1 0 0 0 0 0.999999940395355224609375 2780.dat
1 71 -9.8175563812255859375 -64.96771240234375 219.9999542236328125 0 0 1 0 1 0 -1 0 0 4519.dat
1 71 -9.81754970550537109375 -64.96771240234375 224.9999542236328125 1 0 0 0 1 0 0 0 1 32123.dat
1 151 -10.442554473876953125 -45.4677276611328125 239.999969482421875 0.999999940395355224609375 0 0 0 0 1 0 -1 0 32524.dat
1 0 -9.81755733489990234375 -24.96767425537109375 230 0 0 1 0 1 0 -1 0 0 2780.dat
1 0 -9.81755828857421875 15.0322704315185546875 230 0 0 1 0 1 0 -1 0 0 2780.dat
1 151 -9.8175640106201171875 15.157276153564453125 220 0 0 -1.00000011920928955078125 -1.00000011920928955078125 0 0 0 1.00000011920928955078125 0 32525.dat
1 0 -49.817554473876953125 15.0322723388671875 209.9999847412109375 0 0 1 0 1 0 -1 0 0 2780.dat
1 0 -109.8175506591796875 15.03227329254150390625 209.9999847412109375 0 0 1 0 1 0 -1 0 0 2780.dat
1 0 -89.81755828857421875 15.0322704315185546875 230 0 0 1 0 1 0 -1 0 0 2780.dat
1 151 -89.19254302978515625 -65.46772003173828125 239.9999847412109375 -1 0 0 0 0 1 0 1 0 40490.dat
1 0 -89.81756591796875 -24.967670440673828125 230 0 0 1 0 1 0 -1 0 0 2780.dat
1 0 -69.81755828857421875 15.0322704315185546875 230 0 0 1 0 1 0 -1 0 0 2780.dat
1 151 -69.19254302978515625 -65.4676666259765625 240.0000152587890625 -1 0 0 0 0 1 0 1 0 40490.dat
1 0 -69.81755828857421875 -24.96767425537109375 230 0 0 1 0 1 0 -1 0 0 2780.dat
1 0 50.182445526123046875 15.0322704315185546875 209.9999847412109375 0 0 1 0 1 0 -1 0 0 2780.dat
1 1 69.7744293212890625 25.048038482666015625 199.4999847412109375 0 0 1.00000011920928955078125 -1 0 0 0 -1 0 43093.dat
1 151 69.14942169189453125 35.0480499267578125 99.9999847412109375 1 0 0 0 1 0 0 0 1 41239.dat
1 1 69.77440643310546875 25.0480556488037109375 0.499999940395355224609375 0 0 -1 -1 0 0 0 1 0 43093.dat
1 0 29.7743968963623046875 15.54804897308349609375 -10.000019073486328125 0 0 1 0 1 0 -1 0 0 2780.dat
1 0 49.774402618408203125 15.54804897308349609375 -10.000019073486328125 0 0 1 0 1 0 -1 0 0 2780.dat
1 0 30.1824398040771484375 15.0322723388671875 209.9999847412109375 0 0 1 0 1 0 -1 0 0 2780.dat
1 0 -29.3175525665283203125 -75.4677276611328125 220 0 1 0 -1 0 0 0 0 0.999999940395355224609375 2780.dat
1 71 -109.31754302978515625 -105.4676971435546875 220 0 1 0 -1 0 0 0 0 0.999999940395355224609375 4519.dat
1 71 -109.31754302978515625 -83.4676971435546875 220 0 1 0 0 0 -1 -1 0 0 3713.dat
1 1 -50.725589752197265625 5.04804706573486328125 159.999969482421875 0 -1 0 1 0 0 0 0 0.999999940395355224609375 43093.dat
1 72 -210.2255859375 15.0480213165283203125 160.6249847412109375 0 0 -1.00000011920928955078125 0 -1 0 -1.00000011920928955078125 0 0 32009.dat
1 0 -90.22559356689453125 15.5480518341064453125 9.99998188018798828125 0 0 1 0 1 0 -1 0 0 2780.dat
1 0 -110.22560882568359375 15.5480499267578125 -10.000019073486328125 0 0 1 0 1 0 -1 0 0 2780.dat
1 0 -110.225616455078125 -24.4518985748291015625 -10.0000095367431640625 0 0 1 0 1 0 -1 0 0 2780.dat
1 0 -30.2255992889404296875 15.54804897308349609375 -10.000019073486328125 0 0 1 0 1 0 -1 0 0 2780.dat
1 72 -69.8175506591796875 -85.46775054931640625 -20.6250209808349609375 0 0 -1 0 0.999999940395355224609375 0 1 0 0 32526.dat
1 0 -150.317535400390625 -95.46775054931640625 -20.000034332275390625 0 -1 0 1 0 0 0 0 0.999999940395355224609375 2780.dat
1 1 -149.817535400390625 -85.46775054931640625 20.49999237060546875 0 0 1.00000011920928955078125 1.00000011920928955078125 0 0 0 1.00000011920928955078125 0 6558.dat
1 0 -150.3175506591796875 -95.4677276611328125 139.999969482421875 0 -1 0 1 0 0 0 0 0.999999940395355224609375 2780.dat
1 0 90.18245697021484375 -44.9676513671875 190.0000152587890625 0 0 1 0 1 0 -1 0 0 2780.dat
1 1 58.40814208984375 -69.265655517578125 200 0 0 -1 0 0.999999940395355224609375 0 1 0 0 6558.dat
1 0 90.18245697021484375 -44.96764373779296875 130.0000152587890625 0 0 1 0 1 0 -1 0 0 2780.dat
1 151 121.12847900390625 -20.1060504913330078125 119.99999237060546875 -0.63323795795440673828125 0 0.773957192897796630859375 0.77395713329315185546875 0 0.6332380771636962890625 0 1.00000011920928955078125 0 32524.dat
1 151 121.12847900390625 -20.1060504913330078125 80.00000762939453125 -0.63323795795440673828125 0 0.773957192897796630859375 0.77395713329315185546875 0 0.6332380771636962890625 0 1.00000011920928955078125 0 32524.dat
1 0 74.29528045654296875 -57.11664581298828125 130 0 0 1 0 1 0 -1 0 0 2780.dat
1 0 213.5416259765625 24.1882114410400390625 168.0000152587890625 0 0 1 0 1 0 -1 0 0 3706.dat
1 71 213.541656494140625 24.1882114410400390625 116.00002288818359375 -1 0 0 0 1 0 0 0 -1 3713.dat
1 0 30.7150478363037109375 -115.88071441650390625 79.8221435546875 -0.7943580150604248046875 0.567724287509918212890625 0.2160661518573760986328125 -0.607449948787689208984375 -0.742409169673919677734375 -0.2825477421283721923828125 0 -0.3556934297084808349609375 0.93460285663604736328125 2780.dat
1 151 22.1079387664794921875 -121.0875396728515625 99.99999237060546875 0.60745012760162353515625 -0.79435813426971435546875 0 -0.79435813426971435546875 -0.6074497699737548828125 0 0 0 -1 32524.dat
1 0 30.7150421142578125 -115.880706787109375 119.8221435546875 -0.7943580150604248046875 0.567724287509918212890625 0.2160660922527313232421875 -0.607449948787689208984375 -0.742409229278564453125 -0.2825477421283721923828125 0 -0.3556933701038360595703125 0.93460285663604736328125 2780.dat
1 0 14.827892303466796875 -128.0297088623046875 159.8221282958984375 -0.7943580150604248046875 0.567724287509918212890625 0.2160661220550537109375 -0.607449948787689208984375 -0.742409169673919677734375 -0.282547771930694580078125 0 -0.355693399906158447265625 0.93460285663604736328125 2780.dat
1 151 6.220782756805419921875 -133.2365264892578125 99.9999847412109375 0.60745012760162353515625 -0.79435813426971435546875 0 -0.79435813426971435546875 -0.6074497699737548828125 0 0 0 -1 32524.dat
1 0 14.8278865814208984375 -128.0297088623046875 39.82213592529296875 -0.7943580150604248046875 0.567724287509918212890625 0.2160661220550537109375 -0.607449948787689208984375 -0.742409169673919677734375 -0.282547771930694580078125 0 -0.355693399906158447265625 0.93460285663604736328125 2780.dat
1 0 -1.05928480625152587890625 -140.1786956787109375 59.8221282958984375 -0.7943580150604248046875 0.5677242279052734375 0.21606624126434326171875 -0.60744988918304443359375 -0.742409169673919677734375 -0.2825477123260498046875 0 -0.35569345951080322265625 0.93460261821746826171875 2780.dat
1 151 71.55095672607421875 -235.1303863525390625 100.0000457763671875 0 0.794357478618621826171875 0.607450902462005615234375 0 0.607451021671295166015625 -0.79435741901397705078125 -1.0000002384185791015625 0 0 53788.dat
1 47 -65.8445587158203125 -174.6708984375 118.1760101318359375 0 -0.794357478618621826171875 -0.6074507236480712890625 0 -0.607450664043426513671875 0.794357478618621826171875 -1.00000011920928955078125 0 0 x933c01.dat
1 47 -286.76141357421875 -72.84227752685546875 9.14857196807861328125 -0.29116213321685791015625 0 0.956673681735992431640625 0 -1 0 0.956673681735992431640625 0 0.291162014007568359375 x933c01.dat
1 47 -65.84465789794921875 -174.6708984375 156.176025390625 0 -0.794357478618621826171875 -0.607450664043426513671875 0 -0.60745060443878173828125 0.79435741901397705078125 -1.00000011920928955078125 0 0 x933c01.dat
1 47 -282.97564697265625 -72.8422393798828125 199.573333740234375 0.50000178813934326171875 0 0.866024196147918701171875 0 -1 0 0.866024196147918701171875 0 -0.500001966953277587890625 x933c01.dat
1 0 24.5040264129638671875 -320.773834228515625 190.0000152587890625 0 0 1 0 1 0 -1 0 0 2780.dat
1 0 -1.0592803955078125 -140.1787109375 139.8221435546875 -0.7943580150604248046875 0.567724287509918212890625 0.2160660922527313232421875 -0.607449948787689208984375 -0.742409229278564453125 -0.2825477421283721923828125 0 -0.3556933701038360595703125 0.93460285663604736328125 2780.dat
1 1 58.000095367431640625 -68.7498779296875 0 0 0 1 0 0.999999940395355224609375 0 -1 0 0 6558.dat
1 0 89.77440643310546875 -44.45195770263671875 9.99998569488525390625 0 0 1 0 1 0 -1 0 0 2780.dat
1 0 -13.35589313507080078125 -172.975738525390625 -10.00004291534423828125 0 0 1 0 1 0 -1 0 0 2780.dat
1 72 69.14056396484375 -286.58233642578125 -3.4272670745849609375E-05 -0.813201248645782470703125 0 0.58198249340057373046875 -0.58198249340057373046875 0 -0.81320130825042724609375 0 -1 0 32009.dat
1 0 -1.20560443401336669921875 -188.8619232177734375 -10.000019073486328125 0 0 1 0 1 0 -1 0 0 2780.dat
1 0 19.840236663818359375 -321.365020751953125 -10.00001239776611328125 0 0 1 0 1 0 -1 0 0 2780.dat
1 0 36.1042633056640625 -309.725372314453125 -10.000019073486328125 0 0 1 0 1 0 -1 0 0 2780.dat
1 0 89.77439117431640625 -24.4518985748291015625 -10.0000095367431640625 0 0 1 0 1 0 -1 0 0 2780.dat
1 0 -90.2256011962890625 15.5480499267578125 -30.000019073486328125 0 0 1 0 1 0 -1 0 0 2780.dat
1 0 -70.225616455078125 -24.45189666748046875 -30.0000133514404296875 0 0 1 0 1 0 -1 0 0 2780.dat
1 0 -309.819061279296875 -129.04229736328125 130 0 0 1 0 1 0 -1 0 0 2780.dat
1 4 -310.44403076171875 -189.5423126220703125 139.9999847412109375 0.999999940395355224609375 0 0 0 0 1 0 -1 0 32140.dat
1 1 -309.819061279296875 -169.04229736328125 149.999969482421875 0 0 -1 0 0.999999940395355224609375 0 1 0 0 43093.dat
1 71 -269.819061279296875 -128.91729736328125 119.99999237060546875 0 0 -1.00000011920928955078125 -1.00000011920928955078125 0 0 0 1.00000011920928955078125 0 32316.dat
1 0 -249.819061279296875 -129.04229736328125 130 0 0 1 0 1 0 -1 0 0 2780.dat
1 4 -329.10272216796875 -108.91725921630859375 202.6789398193359375 0 -0.50000059604644775390625 0.866025149822235107421875 -1 0 0 0 -0.866025149822235107421875 -0.500000536441802978515625 32140.dat
1 1 -267.14111328125 -129.042266845703125 189.999420166015625 -0.49999964237213134765625 0 0.86602556705474853515625 0 1 0 -0.86602556705474853515625 0 -0.49999964237213134765625 6558.dat
1 4 -250.07061767578125 -169.542266845703125 179.56646728515625 0 -0.499998867511749267578125 0.866026103496551513671875 -1 0 0 0 -0.866026103496551513671875 -0.4999988079071044921875 32054.dat
1 71 -249.387603759765625 -129.542266845703125 179.74945068359375 0 0.866026103496551513671875 0.4999988973140716552734375 -1 0 0 0 -0.4999988973140716552734375 0.8660261631011962890625 4519.dat
1 1 -249.8191070556640625 -169.0422821044921875 149.999969482421875 0 0 -1 0 0.999999940395355224609375 0 1 0 0 43093.dat
1 4 -249.1940765380859375 -189.54229736328125 140 -1 0 0 0 0 1 0 1 0 32140.dat
1 0 -269.819061279296875 -129.04229736328125 130 0 0 1 0 1 0 -1 0 0 2780.dat
1 1 -267.14111328125 -109.04227447509765625 189.999420166015625 -0.49999964237213134765625 0 0.86602556705474853515625 0 1 0 -0.86602556705474853515625 0 -0.49999964237213134765625 6558.dat
1 4 -309.102691650390625 -108.91725921630859375 237.3199462890625 0 -0.50000059604644775390625 0.866025149822235107421875 -1 0 0 0 -0.866025149822235107421875 -0.500000536441802978515625 32140.dat
1 1 -284.461669921875 -109.042266845703125 199.9994354248046875 -0.50000107288360595703125 0 0.8660247325897216796875 0 1 0 -0.8660247325897216796875 0 -0.50000107288360595703125 6558.dat
1 151 -301.78216552734375 -109.54225921630859375 209.9994354248046875 0.50000154972076416015625 0 0.866024494171142578125 0 -1 0 0.866024494171142578125 0 -0.500001609325408935546875 53792.dat
1 1 -301.78216552734375 -109.042266845703125 209.9994659423828125 -0.50000107288360595703125 0 0.8660247325897216796875 0 1 0 -0.8660247325897216796875 0 -0.50000107288360595703125 6558.dat
1 0 -249.8190460205078125 -129.04229736328125 69.99999237060546875 0 0 1 0 1 0 -1 0 0 2780.dat
1 72 -249.194091796875 -189.542266845703125 60.00000762939453125 -1 0 0 0 0 1 0 1 0 32140.dat
1 1 -249.819091796875 -169.0422821044921875 49.99999237060546875 0 0 1 0 1 0 -1 0 0 43093.dat
1 4 -279.819549560546875 -169.04229736328125 19.998477935791015625 1 0 0 0 1 0 0 0 1 32062.dat
1 1 -309.819061279296875 -169.04229736328125 49.999969482421875 0 0 1 0 1 0 -1 0 0 43093.dat
1 72 -310.44403076171875 -189.5422821044921875 59.99999237060546875 0.999999940395355224609375 0 0 0 0 1 0 -1 0 32140.dat
1 0 -309.819061279296875 -129.04229736328125 69.9999847412109375 0 0 1 0 1 0 -1 0 0 2780.dat
1 71 -249.675018310546875 -169.5422821044921875 19.5221538543701171875 0 0.291161596775054931640625 0.95667397975921630859375 -1 0 0 0 -0.95667397975921630859375 0.2911616265773773193359375 32054.dat
1 71 -249.342254638671875 -129.54229736328125 20.1460666656494140625 0 0.956673920154571533203125 -0.2911615073680877685546875 -1 0 0 0 0.29116153717041015625 0.95667397975921630859375 4519.dat
1 1 -268.95404052734375 -109.04229736328125 14.17724514007568359375 -0.291161835193634033203125 0 -0.956673800945281982421875 0 0.999999940395355224609375 0 0.956673800945281982421875 0 -0.291161835193634033203125 6558.dat
1 72 -332.177764892578125 -108.9172821044921875 15.841007232666015625 0 0.2911617457866668701171875 0.9566738605499267578125 -1 0 0 0 -0.9566738605499267578125 0.2911617457866668701171875 32140.dat
1 1 -307.22100830078125 -109.04227447509765625 2.530753612518310546875 -0.291161835193634033203125 0 -0.956673800945281982421875 0 0.999999940395355224609375 0 0.956673800945281982421875 0 -0.291161835193634033203125 6558.dat
1 72 -320.53125 -108.91727447509765625 -22.4259490966796875 0 0.2911617457866668701171875 0.9566738605499267578125 -1 0 0 0 -0.9566738605499267578125 0.2911617457866668701171875 32140.dat
1 1 -268.954071044921875 -129.0422821044921875 14.17725658416748046875 -0.291161835193634033203125 0 -0.956673800945281982421875 0 0.999999940395355224609375 0 0.956673800945281982421875 0 -0.291161835193634033203125 6558.dat
1 1 -288.0875244140625 -109.04227447509765625 8.3539905548095703125 -0.291161835193634033203125 0 -0.956673800945281982421875 0 0.999999940395355224609375 0 0.956673800945281982421875 0 -0.291161835193634033203125 6558.dat
1 151 -307.220977783203125 -109.54228973388671875 2.530748844146728515625 -0.29116237163543701171875 0 0.956673681735992431640625 0 -1 0 0.956673681735992431640625 0 0.29116237163543701171875 53792.dat
1 0 -269.81903076171875 -129.04229736328125 70 0 0 1 0 1 0 -1 0 0 2780.dat
1 71 -269.81903076171875 -128.91729736328125 79.9999847412109375 0 0 -1.00000011920928955078125 -1.00000011920928955078125 0 0 0 1.00000011920928955078125 0 32316.dat
1 72 -196.117340087890625 -5.467720508575439453125 105.4159393310546875 0.70710694789886474609375 0 0.70710659027099609375 0 -1 0 0.70710659027099609375 0 -0.70710694789886474609375 32523.dat
1 0 -209.819061279296875 -129.54229736328125 146.5 0 1 0 1 0 0 0 0 -1 32039.dat
1 0 -209.819061279296875 -129.04229736328125 135.9999847412109375 0 0 1 0 1 0 -1 0 0 32062.dat
1 71 -209.819061279296875 -139.04229736328125 38.499988555908203125 0 0 1 1 0 0 0 1 0 2736.dat
1 0 -209.819061279296875 -129.54229736328125 57.49999237060546875 0 -1 0 1 0 0 0 0 0.999999940395355224609375 32039.dat
1 0 -209.819061279296875 -129.04229736328125 67.99999237060546875 0 0 1 0 1 0 -1 0 0 32062.dat
