0 robot
0 Author: LEGO Digital Designer 4.2
1 151 -10.225618362426758 -24.451894760131836 -20.000005722045898 0 0 -1.0000001192092896 -1.0000001192092896 0 0 0 1.0000001192092896 0 32525.dat
1 0 -90.225616455078125 -24.451896667480469 -30.00001335144043 0 0 1 0 1 0 -1 0 0 2780.dat
1 151 -89.725608825683594 -64.951889038085938 -40.000015258789063 -1 0 0 0 0 1 0 1 0 40490.dat
1 0 -90.225608825683594 -104.45188140869141 -30.000001907348633 0 0 1 0 1 0 -1 0 0 2780.dat
1 1 -109.81755065917969 -95.467765808105469 -19.500015258789063 0 0 -1.0000001192092896 -1.0000001192092896 0 0 0 1.0000001192092896 0 43093.dat
1 71 -89.817558288574219 -105.4677734375 -20.000001907348633 0 1.0000001192092896 0 1.0000001192092896 0 0 0 0 -1 42003.dat
1 0 -70.225608825683594 -104.45189666748047 -30.000001907348633 0 0 1 0 1 0 -1 0 0 2780.dat
1 151 -69.725608825683594 -64.951881408691406 -40.000015258789063 -1 0 0 0 0 1 0 1 0 40490.dat
1 0 -70.225601196289063 15.548049926757813 -30.000019073486328 0 0 1 0 1 0 -1 0 0 2780.dat
1 151 -10.225605964660645 15.548051834106445 -20.000015258789063 0 0 -1.0000001192092896 -1.0000001192092896 0 0 0 1.0000001192092896 0 32525.dat
1 1 73.887245178222656 -56.600879669189453 0 0 0 1 0 0.99999994039535522 0 -1 0 0 6558.dat
1 72 -37.960205078125 -141.30622863769531 -19.99998664855957 0.60751444101333618 0 -0.79430890083312988 -0.79430890083312988 0 -0.60751426219940186 0 1.0000001192092896 0 32009.dat
1 71 90.274406433105469 15.04804801940918 -1.5646219253540039E-005 -1 0 0 0 0 -1 0 -1 0 32348.dat
1 1 89.774398803710938 15.548053741455078 -10.000020027160645 0 0 -1 0 1 0 1 0 0 43093.dat
1 1 41.474418640136719 -80.55194091796875 -9.9999980926513672 0 -0.60000115633010864 -0.79999923706054688 0 0.79999929666519165 -0.60000115633010864 1.0000001192092896 0 0 43093.dat
1 151 213.13352966308594 24.203887939453125 39.999980926513672 0 0.60744953155517578 0.79435819387435913 0 -0.79435825347900391 0.60744953155517578 0.99999994039535522 0 0 53787.dat
1 47 53.136653900146484 -150.28236389160156 39.575981140136719 0 0.60745024681091309 -0.79435783624649048 0 -0.79435771703720093 -0.60745024681091309 -1.0000001192092896 0 0 x933c01.dat
1 47 93.642112731933594 -383.38641357421875 119.29900360107422 0 -0.7943572998046875 0.60745090246200562 0 -0.60745084285736084 -0.7943572998046875 1 0 0 x933c01.dat
1 0 213.13357543945312 24.703973770141602 38.000011444091797 0 0 1 0 1 0 -1 0 0 3706.dat
1 71 213.13359069824219 24.703968048095703 86.000015258789063 -1 0 0 0 1 0 0 0 -1 3713.dat
1 71 213.13357543945312 24.703973770141602 -13.99998664855957 0 -1.0000001192092896 0 -1.0000001192092896 0 0 0 0 -1 56145.dat
1 0 213.13357543945312 24.703973770141602 -13.999983787536621 1 0 0 0 1 0 0 0 1 44309.dat
1 0 46.602210998535156 -103.73174285888672 39.822170257568359 -0.7943580150604248 0.56772422790527344 0.2160661369562149 -0.60744988918304443 -0.74240916967391968 -0.28254780173301697 0 -0.35569345951080322 0.93460303544998169 2780.dat
1 151 38.071033477783203 -109.03782653808594 100 0.60745012760162354 -0.79435813426971436 0 -0.79435813426971436 -0.60744976997375488 0 0 0 -1 32524.dat
1 0 47.010257720947266 -104.24751281738281 159.82215881347656 -0.7943580150604248 0.56772422790527344 0.21606616675853729 -0.60744988918304443 -0.74240916967391968 -0.28254783153533936 0 -0.35569348931312561 0.93460285663604736 2780.dat
1 151 213.54154968261719 23.688116073608398 159.99998474121094 0 0.60744953155517578 0.79435819387435913 0 -0.79435825347900391 0.60744953155517578 0.99999994039535522 0 0 53787.dat
1 47 53.544681549072266 -150.79815673828125 159.57600402832031 0 0.60745000839233398 -0.7943580150604248 0 -0.79435795545578003 -0.60745000839233398 -1 0 0 x933c01.dat
1 47 93.642112731933594 -383.38641357421875 157.29902648925781 0 -0.7943572998046875 0.60745090246200562 0 -0.60745084285736084 -0.7943572998046875 1 0 0 x933c01.dat
1 0 74.295280456542969 -57.116645812988281 130 0 0 1 0 1 0 -1 0 0 2780.dat
1 0 73.887252807617188 -56.600879669189453 70 0 0 1 0 1 0 -1 0 0 2780.dat
1 0 89.774421691894531 -44.451881408691406 70.000007629394531 0 0 1 0 1 0 -1 0 0 2780.dat
1 1 74.295303344726563 -57.116653442382813 200 0 0 -1 0 0.99999994039535522 0 1 0 0 6558.dat
1 72 -37.552169799804687 -141.82200622558594 220 0.60751444101333618 0 -0.79430890083312988 -0.79430890083312988 0 -0.60751426219940186 0 1.0000001192092896 0 32009.dat
1 71 90.68243408203125 14.532279968261719 199.99998474121094 -1 0 0 0 0 -1 0 -1 0 32348.dat
1 1 90.182426452636719 15.032280921936035 209.99998474121094 0 0 1 0 1 0 -1 0 0 43093.dat
1 1 41.882438659667969 -81.067726135253906 209.99998474121094 0 -0.60000067949295044 0.79999947547912598 0 0.79999953508377075 0.60000067949295044 -1 0 0 43093.dat
1 0 -12.947851181030273 -173.49153137207031 209.99993896484375 0 0 1 0 1 0 -1 0 0 2780.dat
1 72 70.905670166015625 -286.10235595703125 199.99992370605469 -0.80292057991027832 0 0.59608602523803711 -0.59608602523803711 0 -0.8029206395149231 0 -1.0000001192092896 0 32009.dat
1 0 -1.0261359214782715 -189.54994201660156 209.99993896484375 0 0 1 0 1 0 -1 0 0 2780.dat
1 0 38.387405395507812 -309.74383544921875 189.99990844726562 0 0 1 0 1 0 -1 0 0 2780.dat
1 0 90.182441711425781 -24.967674255371094 209.99998474121094 0 0 1 0 1 0 -1 0 0 2780.dat
1 151 -9.8175640106201172 -24.967670440673828 220 0 0 -1.0000001192092896 -1.0000001192092896 0 0 0 1.0000001192092896 0 32525.dat
1 0 -109.81756591796875 -24.967674255371094 209.99998474121094 0 0 1 0 1 0 -1 0 0 2780.dat
1 72 -29.817544937133789 15.032322883605957 199.99998474121094 0 0 -1.0000001192092896 -1.0000001192092896 0 0 0 1.0000001192092896 0 32526.dat
1 0 -109.81756591796875 -4.9676766395568848 209.99998474121094 0 0 1 0 1 0 -1 0 0 2780.dat
1 71 -129.81755065917969 -5.4676828384399414 220 0 1.0000001192092896 0 1.0000001192092896 0 0 0 0 -1 42003.dat
1 0 -149.81758117675781 -35.467689514160156 220.50001525878906 0 0 1.0000001192092896 1.0000001192092896 0 0 0 1.0000001192092896 0 3705.dat
1 0 -149.31752014160156 -66.467735290527344 200 -1 0 0 0 -1 0 0 0 1 60483.dat
1 0 -150.31752014160156 -75.46771240234375 199.99998474121094 0 -1 0 1 0 0 0 0 0.99999994039535522 2780.dat
1 72 -149.31752014160156 -85.46771240234375 219.99998474121094 -1 0 0 0 1 0 0 0 -1 32526.dat
1 0 -150.31753540039062 -95.467735290527344 159.99998474121094 0 -1 0 1 0 0 0 0 0.99999994039535522 2780.dat
1 151 -150.31753540039062 -105.46773529052734 80 1 0 0 0 1 0 0 0 1 40490.dat
1 1 -149.81753540039062 -85.467750549316406 0.5 0 0 1.0000001192092896 1.0000001192092896 0 0 0 1.0000001192092896 0 6558.dat
1 0 -150.31752014160156 -66.4677734375 0 1 0 0 0 -1 0 0 0 -1 60483.dat
1 0 -149.81753540039062 -35.467781066894531 -19.499992370605469 0 0 1.0000001192092896 1.0000001192092896 0 0 0 1.0000001192092896 0 3705.dat
1 71 -130.2255859375 -4.9519662857055664 -20.000007629394531 0 1 0 1 0 0 0 0 -1 42003.dat
1 0 -110.22557067871094 -5.4519538879394531 -10.000012397766113 0 0 -1.0000001192092896 0 -1 0 -1.0000001192092896 0 0 2780.dat
1 72 -30.2255859375 15.548051834106445 -1.0430812835693359E-005 0 0 -1.0000001192092896 -1.0000001192092896 0 0 0 1.0000001192092896 0 32526.dat
1 0 -70.225593566894531 15.548051834106445 9.9999876022338867 0 0 1 0 1 0 -1 0 0 2780.dat
1 71 -70.2255859375 15.04804515838623 19.999980926513672 0 -1 0 1 0 0 0 0 1 42003.dat
1 1 -50.225597381591797 5.0480475425720215 20.49998664855957 0 0 1 1 0 0 0 1 0 43093.dat
1 151 -50.725589752197266 -4.9519500732421875 99.999977111816406 1 0 0 0 -1 0 0 0 -1 40490.dat
1 71 -70.225593566894531 15.04804515838623 179.99995422363281 0 -1 0 1 0 0 0 0 1 42003.dat
1 1 -50.725589752197266 5.0480451583862305 179.99996948242187 0 -1 0 1 0 0 0 0 0.99999994039535522 43093.dat
1 0 -89.817550659179688 15.032320976257324 189.99998474121094 0 0 1 0 1 0 -1 0 0 2780.dat
1 0 -69.817550659179687 15.032320976257324 189.99998474121094 0 0 1 0 1 0 -1 0 0 2780.dat
1 72 -209.81753540039062 -25.467681884765625 79.500007629394531 0 0 -1 0 0.99999994039535522 0 1 0 0 32009.dat
1 1 -50.225597381591797 -14.951946258544922 79.499992370605469 0 0 1 -1 0 0 0 -1 0 43093.dat
1 0 -210.31753540039062 -35.467708587646484 140 0 -1 0 1 0 0 0 0 0.99999994039535522 2780.dat
1 72 -189.81752014160156 -45.467720031738281 140.50001525878906 0 0 -1 0 -1 0 -1 0 0 32523.dat
1 1 -189.31752014160156 -65.467720031738281 140.00001525878906 0 1.0000001192092896 0 1.0000001192092896 0 0 0 0 -1 6558.dat
1 151 -229.81748962402344 -65.467681884765625 100.00014495849609 0 0 -1.0000001192092896 -1.0000001192092896 0 0 0 1.0000001192092896 0 53787.dat
1 47 3.2689704895019531 -65.043716430664063 141.41461181640625 0 0 1 1 0 0 0 1 0 x933c01.dat
1 47 93.64208984375 -383.38638305664062 81.299018859863281 0 -0.7943572998046875 0.60745090246200562 0 -0.60745084285736084 -0.7943572998046875 1 0 0 x933c01.dat
1 71 -230.31755065917969 -49.467815399169922 100.00001525878906 0 -1 0 1 0 0 0 0 1 44294.dat
1 0 -229.81901550292969 -129.54240417480469 100 0 0 1 0 -1 0 1 0 0 32014.dat
1 0 -229.81903076171875 30.53175163269043 100.00004577636719 0 0 1 0 1 0 -1 0 0 32014.dat
1 4 -259.81903076171875 31.03175163269043 100.00002288818359 1 0 0 0 1 0 0 0 1 32062.dat
1 4 -259.81900024414062 -129.04240417480469 99.999992370605469 1 0 0 0 1 0 0 0 1 32062.dat
1 0 -289.81906127929687 -129.54241943359375 99.999992370605469 0 0 -1 0 -1 0 -1 0 0 32014.dat
1 0 -289.81903076171875 30.53175163269043 100.00002288818359 0 0 -1 0 0.99999994039535522 0 1 0 0 32014.dat
1 71 -290.32058715820312 -49.467857360839844 99.999954223632813 0 -1 0 1 0 0 0 0 1 44294.dat
1 71 -289.82061767578125 -19.467826843261719 99.999946594238281 0 0 1 -1 0 0 0 -1 0 41678.dat
1 1 -289.81906127929687 -130.04229736328125 99.999984741210938 0 0 -1.0000001192092896 0 -1 0 -1.0000001192092896 0 0 6558.dat
1 1 -229.81901550292969 -130.04229736328125 100 0 0 -1.0000001192092896 0 -1 0 -1.0000001192092896 0 0 6558.dat
1 0 -289.81906127929687 31.031665802001953 104.00004577636719 0 0 1 0 1 0 -1 0 0 3708.dat
1 71 -289.81903076171875 31.031652450561523 178.00006103515625 -1 0 0 0 1 0 0 0 -1 3713.dat
1 71 -289.81903076171875 31.031656265258789 124.00004577636719 -1 0 0 0 1 0 0 0 -1 3713.dat
1 71 -289.81900024414062 31.031660079956055 78.000053405761719 -1 0 0 0 1 0 0 0 -1 3713.dat
1 71 -289.81900024414062 31.031665802001953 -12.999960899353027 1 0 0 0 1 0 0 0 1 32123a.dat
1 71 -289.81900024414062 31.031661987304687 22.000041961669922 -1 0 0 0 1 0 0 0 -1 3713.dat
1 71 -289.81903076171875 31.031650543212891 217.00006103515625 1 0 0 0 1 0 0 0 1 32123a.dat
1 71 -289.81900024414062 31.031650543212891 210.00003051757813 0 1 0 -1 0 0 0 0 0.99999994039535522 56145.dat
1 0 -289.81900024414062 31.031650543212891 210.00006103515625 1 0 0 0 1 0 0 0 1 44309.dat
1 71 -289.8189697265625 31.031667709350586 -7.9999923706054687 0 -1 0 -1 0 0 0 0 -1 56145.dat
1 0 -289.8189697265625 31.031667709350586 -7.9999923706054687 1 0 0 0 1 0 0 0 1 44309.dat
1 1 -309.820556640625 -28.967845916748047 99.999961853027344 0 0 -1 0 0.99999994039535522 0 1 0 0 6558.dat
1 25 -369.820556640625 -8.9678440093994141 119.99996948242187 0 0 1.0000001192092896 -1.0000001192092896 0 0 0 -1.0000001192092896 0 32140.dat
1 1 -349.820556640625 -8.9678440093994141 99.999954223632813 0 0 -1 0 0.99999994039535522 0 1 0 0 6558.dat
1 151 -349.82058715820312 -9.4678459167480469 99.999961853027344 0 0 1.0000001192092896 0 -1 0 1.0000001192092896 0 0 53793.dat
1 47 -328.32061767578125 27.232149124145508 100.37394714355469 0 0 1.0000001192092896 0 -1 0 1.0000001192092896 0 0 x933c01.dat
1 47 -65.844558715820312 -174.6708984375 80.176017761230469 0 -0.79435741901397705 -0.60745072364807129 0 -0.60745066404342651 0.79435741901397705 -1.0000001192092896 0 0 x933c01.dat
1 1 -329.82058715820312 -8.9678440093994141 99.999954223632813 0 0 -1 0 0.99999994039535522 0 1 0 0 6558.dat
1 25 -369.820556640625 -8.9678478240966797 79.999946594238281 0 0 1.0000001192092896 -1.0000001192092896 0 0 0 -1.0000001192092896 0 32140.dat
1 1 -309.820556640625 -8.9678440093994141 99.999977111816406 0 0 -1 0 0.99999994039535522 0 1 0 0 6558.dat
1 1 -89.817520141601563 -85.467681884765625 79.500106811523437 0 0 -1.0000001192092896 1.0000001192092896 0 0 0 -1.0000001192092896 0 6558.dat
1 72 -89.817497253417969 -65.467674255371094 80.500114440917969 0 0 1 0 0.99999994039535522 0 -1 0 0 32526.dat
1 1 -49.817516326904297 -85.467666625976563 79.5001220703125 0 0 -1.0000001192092896 1.0000001192092896 0 0 0 -1.0000001192092896 0 6558.dat
1 0 -9.3175077438354492 -75.467681884765625 60.000102996826172 0 1 0 -1 0 0 0 0 0.99999994039535522 2780.dat
1 71 10.182483673095703 -85.467681884765625 50.000106811523437 0 -1.0000001192092896 0 0 0 1.0000001192092896 -1.0000001192092896 0 0 32291.dat
1 71 9.7743701934814453 -84.451927185058594 39.999965667724609 0 0 1 0 1 0 -1 0 0 4519.dat
1 71 9.7743940353393555 -84.451927185058594 -4.4107437133789063E-005 0 0 1 0 1 0 -1 0 0 32054.dat
1 71 9.7743778228759766 -84.451927185058594 69.999977111816406 -1 0 0 0 1 0 0 0 -1 3713.dat
1 151 9.274409294128418 -44.951946258544922 -2.0861625671386719E-005 0.99999994039535522 0 0 0 0 1 0 -1 0 32524.dat
1 0 9.7744045257568359 15.548048973083496 -10.000019073486328 0 0 1 0 1 0 -1 0 0 2780.dat
1 0 9.7743930816650391 -24.451898574829102 -10.000009536743164 0 0 1 0 1 0 -1 0 0 2780.dat
1 0 10.002058982849121 -104.75252532958984 -10.000006675720215 0 0 1 0 1 0 -1 0 0 2780.dat
1 0 -9.3175125122070312 -75.467681884765625 40.000099182128906 0 1 0 -1 0 0 0 0 0.99999994039535522 2780.dat
1 1 -169.31755065917969 -65.467720031738281 139.99998474121094 0 1.0000001192092896 0 1.0000001192092896 0 0 0 0 -1 6558.dat
1 0 -209.81755065917969 -75.467735290527344 140.50001525878906 0 0 1.0000001192092896 1.0000001192092896 0 0 0 1.0000001192092896 0 2780.dat
1 0 -209.31753540039063 -86.467727661132813 140.00001525878906 -1 0 0 0 -1 0 0 0 1 60483.dat
1 4 -209.81755065917969 -75.467727661132813 160.50001525878906 0 0 1.0000001192092896 1.0000001192092896 0 0 0 1.0000001192092896 0 32062.dat
1 72 -209.8175048828125 -65.467704772949219 159.49998474121094 0 0 1 0 -1 0 1 0 0 32140.dat
1 1 -149.31753540039062 -85.46771240234375 180 0 1.0000001192092896 0 1.0000001192092896 0 0 0 0 -1 6558.dat
1 72 -69.817543029785156 -105.46771240234375 220.50001525878906 0 0 -1 0 -1 0 -1 0 0 32526.dat
1 72 -89.817535400390625 -85.46771240234375 220.50001525878906 0 0 1 0 0.99999994039535522 0 -1 0 0 32140.dat
1 1 -89.817527770996094 -95.467720031738281 220.50004577636719 0 0 1 1 0 0 0 1 0 43093.dat
1 0 -70.317543029785156 -95.467720031738281 220 0 -1 0 1 0 0 0 0 0.99999994039535522 2780.dat
1 0 -150.31753540039062 -95.467704772949219 220 0 -1 0 1 0 0 0 0 0.99999994039535522 2780.dat
1 0 -29.31755256652832 -75.467727661132813 200.00003051757813 0 1 0 -1 0 0 0 0 0.99999994039535522 2780.dat
1 71 -9.8175506591796875 -65.467735290527344 210.00001525878906 0 -1.0000001192092896 0 0 0 1.0000001192092896 -1.0000001192092896 0 0 32291.dat
1 71 -9.8175563812255859 -64.96771240234375 219.99995422363281 0 0 1 0 1 0 -1 0 0 4519.dat
1 71 -9.8175497055053711 -64.96771240234375 224.99995422363281 1 0 0 0 1 0 0 0 1 32123a.dat
1 151 -10.317553520202637 -45.467727661132812 239.99996948242187 0.99999994039535522 0 0 0 0 1 0 -1 0 32524.dat
1 0 -9.8175573348999023 -24.967674255371094 230 0 0 1 0 1 0 -1 0 0 2780.dat
1 0 -9.8175582885742187 15.032270431518555 230 0 0 1 0 1 0 -1 0 0 2780.dat
1 151 -9.8175640106201172 15.032273292541504 220 0 0 -1.0000001192092896 -1.0000001192092896 0 0 0 1.0000001192092896 0 32525.dat
1 0 -49.817554473876953 15.032272338867187 209.99998474121094 0 0 1 0 1 0 -1 0 0 2780.dat
1 0 -109.81755065917969 15.032273292541504 209.99998474121094 0 0 1 0 1 0 -1 0 0 2780.dat
1 0 -89.817558288574219 15.032270431518555 230 0 0 1 0 1 0 -1 0 0 2780.dat
1 151 -89.317550659179688 -65.467720031738281 239.99998474121094 -1 0 0 0 0 1 0 1 0 40490.dat
1 0 -89.81756591796875 -24.967670440673828 230 0 0 1 0 1 0 -1 0 0 2780.dat
1 0 -69.817558288574219 15.032270431518555 230 0 0 1 0 1 0 -1 0 0 2780.dat
1 151 -69.317550659179687 -65.467666625976562 240.00001525878906 -1 0 0 0 0 1 0 1 0 40490.dat
1 0 -69.817558288574219 -24.967674255371094 230 0 0 1 0 1 0 -1 0 0 2780.dat
1 0 50.182445526123047 15.032270431518555 209.99998474121094 0 0 1 0 1 0 -1 0 0 2780.dat
1 71 50.182449340820312 14.532264709472656 200 0 -1 0 1 0 0 0 0 1 42003.dat
1 1 69.774429321289063 25.048038482666016 199.49998474121094 0 0 1.0000001192092896 -1.0000001192092896 0 0 0 -1.0000001192092896 0 43093.dat
1 151 69.274429321289062 35.048042297363281 99.999984741210938 1 0 0 0 1 0 0 0 1 41239.dat
1 71 49.774406433105469 15.048042297363281 -2.1606683731079102E-005 0 -1 0 1 0 0 0 0 1 42003.dat
1 1 69.774406433105469 25.048055648803711 0.49999994039535522 0 0 -1.0000001192092896 -1.0000001192092896 0 0 0 1.0000001192092896 0 43093.dat
1 0 29.774396896362305 15.548048973083496 -10.000019073486328 0 0 1 0 1 0 -1 0 0 2780.dat
1 0 49.774402618408203 15.548048973083496 -10.000019073486328 0 0 1 0 1 0 -1 0 0 2780.dat
1 0 30.182439804077148 15.032272338867187 209.99998474121094 0 0 1 0 1 0 -1 0 0 2780.dat
1 0 -29.31755256652832 -75.467727661132813 220 0 1 0 -1 0 0 0 0 0.99999994039535522 2780.dat
1 71 -89.817543029785156 -125.46772766113281 220.00003051757813 0 1.0000001192092896 0 1.0000001192092896 0 0 0 0 -1 42003.dat
1 71 -109.31754302978516 -105.46769714355469 220 0 1 0 -1 0 0 0 0 0.99999994039535522 4519.dat
1 71 -109.31754302978516 -83.467697143554687 220 0 1.0000001192092896 0 0 0 -1.0000001192092896 -1.0000001192092896 0 0 3713.dat
1 1 -50.725589752197266 5.0480470657348633 159.99996948242187 0 -1 0 1 0 0 0 0 0.99999994039535522 43093.dat
1 72 -210.2255859375 15.048031806945801 160.49996948242187 0 0 -1.0000001192092896 0 -1 0 -1.0000001192092896 0 0 32009.dat
1 0 -90.225593566894531 15.548051834106445 9.9999818801879883 0 0 1 0 1 0 -1 0 0 2780.dat
1 0 -110.22560882568359 15.548049926757813 -10.000019073486328 0 0 1 0 1 0 -1 0 0 2780.dat
1 0 -110.22561645507812 -24.451898574829102 -10.000009536743164 0 0 1 0 1 0 -1 0 0 2780.dat
1 0 -30.22559928894043 15.548048973083496 -10.000019073486328 0 0 1 0 1 0 -1 0 0 2780.dat
1 72 -69.817550659179687 -85.467750549316406 -20.500020980834961 0 0 -1 0 0.99999994039535522 0 1 0 0 32526.dat
1 0 -150.31753540039062 -95.467750549316406 -20.000034332275391 0 -1 0 1 0 0 0 0 0.99999994039535522 2780.dat
1 1 -149.81753540039062 -85.467750549316406 20.499992370605469 0 0 1.0000001192092896 1.0000001192092896 0 0 0 1.0000001192092896 0 6558.dat
1 0 -150.31755065917969 -95.467727661132813 139.99996948242187 0 -1 0 1 0 0 0 0 0.99999994039535522 2780.dat
1 0 90.182456970214844 -44.9676513671875 190.00001525878906 0 0 1 0 1 0 -1 0 0 2780.dat
1 1 58.40814208984375 -69.265655517578125 200 0 0 -1 0 0.99999994039535522 0 1 0 0 6558.dat
1 0 90.182456970214844 -44.967643737792969 130.00001525878906 0 0 1 0 1 0 -1 0 0 2780.dat
1 71 159.43057250976562 12.039498329162598 99.999984741210938 0 -0.77395749092102051 0.63323771953582764 0 -0.63323760032653809 -0.77395749092102051 1.0000001192092896 0 0 32136.dat
1 151 121.04930877685547 -20.009307861328125 119.99999237060547 -0.63323807716369629 0 0.7739570140838623 0.7739570140838623 0 0.63323807716369629 0 0.99999994039535522 0 32524.dat
1 151 121.04930877685547 -20.009307861328125 80 -0.63323807716369629 0 0.7739570140838623 0.7739570140838623 0 0.63323807716369629 0 0.99999994039535522 0 32524.dat
1 71 112.99311065673828 -25.954700469970703 99.999984741210938 0 -0.77395737171173096 0.63323783874511719 0 -0.63323771953582764 -0.77395737171173096 1.0000001192092896 0 0 32136.dat
1 0 213.13357543945312 24.703962326049805 206.00001525878906 1 0 0 0 1 0 0 0 1 44309.dat
1 71 213.13357543945312 24.703962326049805 206.00001525878906 0 -1.0000001192092896 0 -1.0000001192092896 0 0 0 0 -1 56145.dat
1 0 213.5416259765625 24.188211441040039 168.00001525878906 0 0 1 0 1 0 -1 0 0 3706.dat
1 71 213.54165649414062 24.188211441040039 116.00002288818359 -1 0 0 0 1 0 0 0 -1 3713.dat
1 0 30.715047836303711 -115.88071441650391 79.8221435546875 -0.7943580150604248 0.56772422790527344 0.2160661369562149 -0.60744988918304443 -0.74240916967391968 -0.28254777193069458 0 -0.35569342970848083 0.93460285663604736 2780.dat
1 151 22.183874130249023 -121.18682861328125 99.999992370605469 0.60745012760162354 -0.79435813426971436 0 -0.79435813426971436 -0.60744976997375488 0 0 0 -1 32524.dat
1 0 30.71504020690918 -115.88070678710937 119.8221435546875 -0.7943580150604248 0.56772422790527344 0.21606609225273132 -0.60744988918304443 -0.74240916967391968 -0.28254777193069458 0 -0.35569339990615845 0.93460285663604736 2780.dat
1 0 14.827890396118164 -128.02970886230469 159.82212829589844 -0.7943580150604248 0.56772422790527344 0.21606610715389252 -0.60744988918304443 -0.74240916967391968 -0.28254780173301697 0 -0.35569342970848083 0.93460285663604736 2780.dat
1 151 6.2967171669006348 -133.3358154296875 99.999984741210938 0.60745012760162354 -0.79435813426971436 0 -0.79435813426971436 -0.60744976997375488 0 0 0 -1 32524.dat
1 0 14.827884674072266 -128.02970886230469 39.822135925292969 -0.7943580150604248 0.56772422790527344 0.21606610715389252 -0.60744988918304443 -0.74240916967391968 -0.28254780173301697 0 -0.35569342970848083 0.93460285663604736 2780.dat
1 0 -1.0592848062515259 -140.17869567871094 59.822128295898438 -0.7943580150604248 0.56772416830062866 0.21606625616550446 -0.60744988918304443 -0.74240916967391968 -0.28254777193069458 0 -0.35569348931312561 0.93460285663604736 2780.dat
1 151 71.550956726074219 -235.13038635253906 100.00004577636719 0 0.7943572998046875 0.60745090246200562 0 0.60745090246200562 -0.7943572998046875 -1 0 0 53788.dat
1 47 -65.844558715820312 -174.6708984375 118.17601013183594 0 -0.79435735940933228 -0.60745078325271606 0 -0.60745072364807129 0.79435735940933228 -1 0 0 x933c01.dat
1 47 -286.76141357421875 -72.842277526855469 9.1485719680786133 -0.29116210341453552 0 0.95667368173599243 0 -1 0 0.95667368173599243 0 0.29116204380989075 x933c01.dat
1 47 -65.844657897949219 -174.6708984375 156.176025390625 0 -0.79435741901397705 -0.60745072364807129 0 -0.60745066404342651 0.79435741901397705 -1.0000001192092896 0 0 x933c01.dat
1 47 -282.97564697265625 -72.842239379882813 199.57333374023437 0.50000178813934326 0 0.8660241961479187 0 -1 0 0.8660241961479187 0 -0.50000196695327759 x933c01.dat
1 0 24.504026412963867 -320.77383422851562 190.00001525878906 0 0 1 0 1 0 -1 0 0 2780.dat
1 0 -1.0592814683914185 -140.1787109375 139.8221435546875 -0.7943580150604248 0.56772422790527344 0.21606607735157013 -0.60744988918304443 -0.74240922927856445 -0.28254774212837219 0 -0.35569337010383606 0.93460285663604736 2780.dat
1 1 58.000095367431641 -68.7498779296875 0 0 0 1 0 0.99999994039535522 0 -1 0 0 6558.dat
1 0 89.774406433105469 -44.451957702636719 9.9999856948852539 0 0 1 0 1 0 -1 0 0 2780.dat
1 0 -13.355893135070801 -172.97573852539062 -10.000042915344238 0 0 1 0 1 0 -1 0 0 2780.dat
1 72 69.038902282714844 -286.65505981445312 -2.3096799850463867E-005 -0.81320124864578247 0 0.58198261260986328 -0.58198261260986328 0 -0.81320136785507202 0 -1.0000001192092896 0 32009.dat
1 0 -1.2056044340133667 -188.86192321777344 -10.000019073486328 0 0 1 0 1 0 -1 0 0 2780.dat
1 0 19.840236663818359 -321.36502075195312 -10.000012397766113 0 0 1 0 1 0 -1 0 0 2780.dat
1 0 36.104263305664062 -309.72537231445312 -10.000019073486328 0 0 1 0 1 0 -1 0 0 2780.dat
1 0 89.774391174316406 -24.451898574829102 -10.000009536743164 0 0 1 0 1 0 -1 0 0 2780.dat
1 0 -90.225601196289063 15.548049926757813 -30.000019073486328 0 0 1 0 1 0 -1 0 0 2780.dat
1 0 -70.225616455078125 -24.451896667480469 -30.00001335144043 0 0 1 0 1 0 -1 0 0 2780.dat
1 0 -309.81906127929687 -129.04229736328125 130 0 0 1 0 1 0 -1 0 0 2780.dat
1 4 -310.31906127929687 -189.54231262207031 139.99998474121094 0.99999994039535522 0 0 0 0 1 0 -1 0 32140.dat
1 1 -309.81906127929687 -169.04229736328125 149.99996948242187 0 0 -1 0 0.99999994039535522 0 1 0 0 43093.dat
1 0 -309.81756591796875 -169.54229736328125 179.99945068359375 0 0 -1 -1 0 0 0 1 0 32014.dat
1 71 -269.81906127929687 -129.04229736328125 119.99999237060547 0 0 -1.0000001192092896 -1.0000001192092896 0 0 0 1.0000001192092896 0 32316.dat
1 0 -249.81906127929687 -129.04229736328125 130 0 0 1 0 1 0 -1 0 0 2780.dat
1 4 -329.10272216796875 -109.04226684570312 202.67893981933594 0 -0.50000041723251343 0.86602520942687988 -1 0 0 0 -0.86602520942687988 -0.50000035762786865 32140.dat
1 1 -267.14111328125 -129.04226684570312 189.99942016601562 -0.49999964237213135 0 0.86602562665939331 0 1 0 -0.86602562665939331 0 -0.49999964237213135 6558.dat
1 4 -250.07061767578125 -169.54226684570312 179.56646728515625 0 -0.49999895691871643 0.86602616310119629 -1.0000001192092896 0 0 0 -0.86602616310119629 -0.49999880790710449 32054.dat
1 71 -249.38760375976562 -129.54226684570312 179.74945068359375 0 0.86602610349655151 0.49999889731407166 -1.0000001192092896 0 0 0 -0.49999889731407166 0.86602616310119629 4519.dat
1 71 -249.82061767578125 -119.54226684570312 179.99946594238281 0 0.49999874830245972 0.86602622270584106 1.0000001192092896 0 0 0 0.86602622270584106 -0.49999865889549255 41678.dat
1 1 -249.81910705566406 -169.04228210449219 149.99996948242187 0 0 -1 0 0.99999994039535522 0 1 0 0 43093.dat
1 0 -249.82061767578125 -169.54229736328125 179.99945068359375 0 0 1.0000001192092896 1.0000001192092896 0 0 0 1.0000001192092896 0 32014.dat
1 4 -249.31904602050781 -189.54229736328125 140 -1 0 0 0 0 1 0 1 0 32140.dat
1 0 -269.81906127929687 -129.04229736328125 130 0 0 1 0 1 0 -1 0 0 2780.dat
1 1 -267.14111328125 -109.04227447509766 189.99942016601562 -0.49999964237213135 0 0.86602562665939331 0 1 0 -0.86602562665939331 0 -0.49999964237213135 6558.dat
1 4 -309.10269165039062 -109.04226684570312 237.3199462890625 0 -0.50000041723251343 0.86602520942687988 -1 0 0 0 -0.86602520942687988 -0.50000035762786865 32140.dat
1 1 -284.461669921875 -109.04226684570312 199.99943542480469 -0.50000107288360596 0 0.86602479219436646 0 1 0 -0.86602479219436646 0 -0.50000107288360596 6558.dat
1 151 -301.78216552734375 -109.54225921630859 209.99943542480469 0.50000178813934326 0 0.86602425575256348 0 -1 0 0.86602425575256348 0 -0.50000190734863281 53792.dat
1 1 -301.78216552734375 -109.04226684570312 209.99946594238281 -0.50000107288360596 0 0.86602479219436646 0 1 0 -0.86602479219436646 0 -0.50000107288360596 6558.dat
1 0 -249.81904602050781 -129.04229736328125 69.999992370605469 0 0 1 0 1 0 -1 0 0 2780.dat
1 72 -249.31907653808594 -189.54226684570312 60.000007629394531 -1 0 0 0 0 1 0 1 0 32140.dat
1 1 -249.819091796875 -169.04228210449219 49.999992370605469 0 0 1 0 1 0 -1 0 0 43093.dat
1 0 -249.82058715820312 -169.54228210449219 20.000494003295898 0 0 1.0000001192092896 -1.0000001192092896 0 0 0 -1.0000001192092896 0 32014.dat
1 4 -279.81954956054687 -169.04229736328125 19.998477935791016 1 0 0 0 1 0 0 0 1 32062.dat
1 1 -309.81906127929687 -169.04229736328125 49.999969482421875 0 0 1 0 1 0 -1 0 0 43093.dat
1 0 -309.81906127929687 -169.54228210449219 19.999977111816406 0 -1.0000001192092896 0 -1.0000001192092896 0 0 0 0 -1 32014.dat
1 72 -310.31906127929687 -189.54228210449219 59.999992370605469 0.99999994039535522 0 0 0 0 1 0 -1 0 32140.dat
1 0 -309.81906127929687 -129.04229736328125 69.999984741210937 0 0 1 0 1 0 -1 0 0 2780.dat
1 71 -249.67501831054687 -169.54228210449219 19.522153854370117 0 0.29116156697273254 0.95667392015457153 -1 0 0 0 -0.95667392015457153 0.29116159677505493 32054.dat
1 71 -249.34225463867187 -129.54229736328125 20.146064758300781 0 0.95667397975921631 -0.29116150736808777 -1 0 0 0 0.29116150736808777 0.95667397975921631 4519.dat
1 71 -249.82061767578125 -119.54228973388672 20.000476837158203 0 -0.29116186499595642 0.95667380094528198 1 0 0 0 0.95667380094528198 0.29116186499595642 41678.dat
1 1 -268.95404052734375 -109.04229736328125 14.177245140075684 -0.29116183519363403 0 -0.95667380094528198 0 0.99999994039535522 0 0.95667380094528198 0 -0.29116183519363403 6558.dat
1 72 -332.17776489257812 -109.04228973388672 15.841007232666016 0 0.29116180539131165 0.95667392015457153 -1.0000001192092896 0 0 0 -0.95667392015457153 0.29116186499595642 32140.dat
1 1 -307.22100830078125 -109.04227447509766 2.5307540893554687 -0.29116183519363403 0 -0.95667380094528198 0 0.99999994039535522 0 0.95667380094528198 0 -0.29116183519363403 6558.dat
1 72 -320.53125 -109.04227447509766 -22.425949096679688 0 0.29116180539131165 0.95667392015457153 -1.0000001192092896 0 0 0 -0.95667392015457153 0.29116186499595642 32140.dat
1 1 -268.95407104492187 -129.04228210449219 14.17725658416748 -0.29116183519363403 0 -0.95667380094528198 0 0.99999994039535522 0 0.95667380094528198 0 -0.29116183519363403 6558.dat
1 1 -288.0875244140625 -109.04227447509766 8.3539915084838867 -0.29116183519363403 0 -0.95667380094528198 0 0.99999994039535522 0 0.95667380094528198 0 -0.29116183519363403 6558.dat
1 151 -307.22097778320313 -109.54228973388672 2.5307571887969971 -0.29116210341453552 0 0.95667368173599243 0 -1 0 0.95667368173599243 0 0.29116204380989075 53792.dat
1 0 -269.81903076171875 -129.04229736328125 70 0 0 1 0 1 0 -1 0 0 2780.dat
1 71 -269.81903076171875 -129.04229736328125 79.999984741210938 0 0 -1.0000001192092896 -1.0000001192092896 0 0 0 1.0000001192092896 0 32316.dat
1 72 -196.02894592285156 -5.467719554901123 105.50433349609375 0.70710688829421997 0 0.70710659027099609 0 -1 0 0.70710659027099609 0 -0.70710694789886475 32523.dat
1 0 -209.81906127929687 -129.54229736328125 146.5 0 1 0 1 0 0 0 0 -1 32039.dat
1 0 -209.81906127929687 -129.04229736328125 135.99998474121094 0 0 1 0 1 0 -1 0 0 32062.dat
1 71 -209.81906127929687 -139.04229736328125 38.499988555908203 0 0 1 1 0 0 0 1 0 2736.dat
1 0 -209.81906127929687 -129.54229736328125 57.499992370605469 0 -1 0 1 0 0 0 0 0.99999994039535522 32039.dat
1 0 -209.81906127929687 -129.04229736328125 67.999992370605469 0 0 1 0 1 0 -1 0 0 32062.dat
